Date,BANKNIFTY18SEP27400PE O,BANKNIFTY18SEP27400PE H,BANKNIFTY18SEP27400PE L,BANKNIFTY18SEP27400PE C,BANKNIFTY18SEP27400PE V
9/11/2018 3:29:00 PM,615,615,615,615,0
9/11/2018 3:28:00 PM,601,615,601,615,1400
9/11/2018 3:27:00 PM,608.35,608.35,601,601,240
9/11/2018 3:26:00 PM,608.8,610,608.35,608.35,320
9/11/2018 3:25:00 PM,607.25,608.8,607.25,608.8,360
9/11/2018 3:24:00 PM,615.25,615.25,607.25,607.25,280
9/11/2018 3:23:00 PM,600.55,617.75,600.55,615.25,160
9/11/2018 3:22:00 PM,609.7,609.7,600.55,600.55,40
9/11/2018 3:21:00 PM,607.3,609.7,607.3,609.7,80
9/11/2018 3:20:00 PM,594.35,607.3,594.35,607.3,160
9/11/2018 3:19:00 PM,597.5,597.5,594.35,594.35,40
9/11/2018 3:18:00 PM,596,597.5,596,597.5,80
9/11/2018 3:17:00 PM,613.55,613.55,596,596,80
9/11/2018 3:16:00 PM,605.05,613.55,605.05,613.55,40
9/11/2018 3:15:00 PM,590,605.05,589.4,605.05,240
9/11/2018 3:14:00 PM,566.45,590,566.45,590,320
9/11/2018 3:13:00 PM,590,590,566.45,566.45,200
9/11/2018 3:12:00 PM,587.8,590,587.8,590,40
9/11/2018 3:11:00 PM,600.35,600.35,587.8,587.8,80
9/11/2018 3:10:00 PM,582,600.35,582,600.35,80
9/11/2018 3:09:00 PM,582,582,582,582,0
9/11/2018 3:08:00 PM,590,590,582,582,40
9/11/2018 3:07:00 PM,595.65,595.65,590,590,40
9/11/2018 3:06:00 PM,595.65,595.65,595.65,595.65,0
9/11/2018 3:05:00 PM,570.3,595.65,570.3,595.65,80
9/11/2018 3:04:00 PM,570.3,570.3,570.3,570.3,0
9/11/2018 3:03:00 PM,570.3,570.3,570.3,570.3,40
9/11/2018 3:02:00 PM,584.4,584.4,572.2,573.3,280
9/11/2018 3:01:00 PM,598.6,601.6,584.4,584.4,120
9/11/2018 3:00:00 PM,592.75,598.6,592.75,598.6,80
9/11/2018 2:59:00 PM,564,592.75,564,592.75,520
9/11/2018 2:58:00 PM,564,564,564,564,0
9/11/2018 2:57:00 PM,569.2,569.2,564,564,40
9/11/2018 2:56:00 PM,555.15,569.2,548.85,569.2,240
9/11/2018 2:55:00 PM,543.9,555.15,540,555.15,120
9/11/2018 2:54:00 PM,535,549.95,534.55,543.9,400
9/11/2018 2:53:00 PM,534.85,535,534.85,535,40
9/11/2018 2:52:00 PM,533.2,534.85,530,534.85,280
9/11/2018 2:51:00 PM,528.5,538,528.5,533.2,280
9/11/2018 2:50:00 PM,516.85,528.5,516.85,528.5,40
9/11/2018 2:49:00 PM,514.5,516.85,514.5,516.85,40
9/11/2018 2:48:00 PM,505.25,514.5,505.25,514.5,80
9/11/2018 2:47:00 PM,500.8,505.25,500,505.25,280
9/11/2018 2:46:00 PM,510.25,510.25,498,500.8,120
9/11/2018 2:45:00 PM,517.85,523.85,510.25,510.25,160
9/11/2018 2:44:00 PM,520,520,517.85,517.85,40
9/11/2018 2:43:00 PM,522.4,522.4,520,520,40
9/11/2018 2:42:00 PM,516.95,522.4,516.95,522.4,160
9/11/2018 2:41:00 PM,520,520,516.95,516.95,40
9/11/2018 2:40:00 PM,520,520,520,520,40
9/11/2018 2:39:00 PM,531.85,531.85,520,520,240
9/11/2018 2:38:00 PM,526.2,531.85,526.2,531.85,160
9/11/2018 2:37:00 PM,510.2,528.05,510.2,526.2,600
9/11/2018 2:36:00 PM,510.2,510.2,510.2,510.2,0
9/11/2018 2:35:00 PM,518.4,518.4,510.2,510.2,200
9/11/2018 2:34:00 PM,505.05,521.05,505.05,518.4,160
9/11/2018 2:33:00 PM,503.6,505.05,503.6,505.05,280
9/11/2018 2:32:00 PM,503.6,503.6,503.6,503.6,0
9/11/2018 2:31:00 PM,503.6,503.6,503.6,503.6,120
9/11/2018 2:30:00 PM,504.1,504.1,503.6,503.6,160
9/11/2018 2:29:00 PM,521.2,521.2,504.1,504.1,200
9/11/2018 2:28:00 PM,493,521.2,493,521.2,400
9/11/2018 2:27:00 PM,490.3,493,487.15,493,120
9/11/2018 2:26:00 PM,494,494,477.4,490.3,360
9/11/2018 2:25:00 PM,492,494,492,494,40
9/11/2018 2:24:00 PM,502,502,492,492,840
9/11/2018 2:23:00 PM,500.95,502,500.95,502,400
9/11/2018 2:22:00 PM,491.75,505.1,491.75,500.95,240
9/11/2018 2:21:00 PM,470.25,491.75,470.2,491.75,1360
9/11/2018 2:20:00 PM,479.35,479.35,470.25,470.25,80
9/11/2018 2:19:00 PM,485,489.95,472.35,479.35,480
9/11/2018 2:18:00 PM,484.9,490.7,484.9,485,120
9/11/2018 2:17:00 PM,472.15,484.9,472.15,484.9,680
9/11/2018 2:16:00 PM,460,472.15,460,472.15,440
9/11/2018 2:15:00 PM,457.6,474.8,457.6,460,80
9/11/2018 2:14:00 PM,428.1,457.6,428.1,457.6,320
9/11/2018 2:13:00 PM,428.1,428.1,428.1,428.1,0
9/11/2018 2:12:00 PM,440,440,428.1,428.1,120
9/11/2018 2:11:00 PM,441.5,441.5,440,440,120
9/11/2018 2:10:00 PM,450,450,441.5,441.5,120
9/11/2018 2:09:00 PM,438.65,457.6,438.65,450,800
9/11/2018 2:08:00 PM,435.5,440,435.5,438.65,600
9/11/2018 2:07:00 PM,418,439,418,435.5,400
9/11/2018 2:06:00 PM,425,427,418,418,160
9/11/2018 2:05:00 PM,425,425,425,425,360
9/11/2018 2:04:00 PM,425,425,425,425,0
9/11/2018 2:03:00 PM,433.2,433.2,425,425,400
9/11/2018 2:02:00 PM,434.9,434.9,433.2,433.2,40
9/11/2018 2:01:00 PM,434.9,434.9,434.9,434.9,0
9/11/2018 2:00:00 PM,424.9,434.9,420.65,434.9,200
9/11/2018 1:59:00 PM,414.85,424.9,408.1,424.9,560
9/11/2018 1:58:00 PM,401.5,414.85,401.5,414.85,160
9/11/2018 1:57:00 PM,401.5,401.5,401.5,401.5,0
9/11/2018 1:56:00 PM,414.9,414.9,401.5,401.5,40
9/11/2018 1:55:00 PM,409.9,414.9,409.9,414.9,40
9/11/2018 1:54:00 PM,410.1,410.1,405,409.9,80
9/11/2018 1:53:00 PM,410.1,410.1,410.1,410.1,0
9/11/2018 1:52:00 PM,420,420,406.7,410.1,320
9/11/2018 1:51:00 PM,394.2,420,394.05,420,200
9/11/2018 1:50:00 PM,400,401.5,390.25,394.2,1160
9/11/2018 1:49:00 PM,378.75,400,375.8,400,920
9/11/2018 1:48:00 PM,372.3,380.05,371.15,378.75,440
9/11/2018 1:47:00 PM,374.75,374.75,367.55,372.3,1040
9/11/2018 1:46:00 PM,350,378.3,350,374.75,1200
9/11/2018 1:45:00 PM,339,350,339,350,160
9/11/2018 1:44:00 PM,337.45,339,337.45,339,40
9/11/2018 1:43:00 PM,335.9,337.45,335.9,337.45,80
9/11/2018 1:42:00 PM,320.55,335.9,320.55,335.9,40
9/11/2018 1:41:00 PM,320.55,320.55,320.55,320.55,0
9/11/2018 1:40:00 PM,320.55,320.55,320.55,320.55,0
9/11/2018 1:39:00 PM,321,321.4,320.55,320.55,280
9/11/2018 1:38:00 PM,321,321,321,321,0
9/11/2018 1:37:00 PM,321,321,321,321,0
9/11/2018 1:36:00 PM,321.65,321.65,321,321,40
9/11/2018 1:35:00 PM,327.15,327.15,321.65,321.65,200
9/11/2018 1:34:00 PM,331.4,331.4,327.15,327.15,120
9/11/2018 1:33:00 PM,340.4,340.4,331.4,331.4,80
9/11/2018 1:32:00 PM,340.4,340.4,340.4,340.4,0
9/11/2018 1:31:00 PM,337.2,343.4,337.2,340.4,1080
9/11/2018 1:30:00 PM,337.2,337.2,337.2,337.2,0
9/11/2018 1:29:00 PM,339.65,339.65,335.2,337.2,80
9/11/2018 1:28:00 PM,335.5,339.65,335.5,339.65,160
9/11/2018 1:27:00 PM,330.8,336.85,330.8,335.5,480
9/11/2018 1:26:00 PM,333.65,333.65,330.8,330.8,40
9/11/2018 1:25:00 PM,333.65,333.65,333.65,333.65,0
9/11/2018 1:24:00 PM,335,335,333.65,333.65,40
9/11/2018 1:23:00 PM,335,335,335,335,0
9/11/2018 1:22:00 PM,335,335,335,335,0
9/11/2018 1:21:00 PM,335,335,335,335,0
9/11/2018 1:20:00 PM,331.1,335,331.1,335,40
9/11/2018 1:19:00 PM,334.25,334.25,328,331.1,120
9/11/2018 1:18:00 PM,330.5,334.25,330.5,334.25,40
9/11/2018 1:17:00 PM,333,333,330.5,330.5,200
9/11/2018 1:16:00 PM,330,333,330,333,120
9/11/2018 1:15:00 PM,330,330,330,330,40
9/11/2018 1:14:00 PM,323.8,330,323.8,330,40
9/11/2018 1:13:00 PM,323.8,323.8,323.8,323.8,0
9/11/2018 1:12:00 PM,323.8,323.8,323.8,323.8,0
9/11/2018 1:11:00 PM,323.8,323.8,323.8,323.8,0
9/11/2018 1:10:00 PM,323.8,323.8,323.8,323.8,0
9/11/2018 1:09:00 PM,323.8,323.8,323.8,323.8,0
9/11/2018 1:08:00 PM,322.05,323.8,322.05,323.8,40
9/11/2018 1:07:00 PM,322.05,322.05,322.05,322.05,0
9/11/2018 1:06:00 PM,322.05,322.05,322.05,322.05,0
9/11/2018 1:05:00 PM,322.05,322.05,322.05,322.05,0
9/11/2018 1:04:00 PM,321.5,322.05,321.35,322.05,120
9/11/2018 1:03:00 PM,321.95,321.95,320,321.5,80
9/11/2018 1:02:00 PM,321.95,321.95,321.95,321.95,0
9/11/2018 1:01:00 PM,323.05,323.05,321.95,321.95,40
9/11/2018 1:00:00 PM,321.95,323.05,321.95,323.05,80
9/11/2018 12:59:00 PM,321.95,321.95,321.95,321.95,0
9/11/2018 12:58:00 PM,321.45,321.95,321.45,321.95,80
9/11/2018 12:57:00 PM,324.05,324.05,321.45,321.45,80
9/11/2018 12:56:00 PM,328.8,328.8,324.05,324.05,80
9/11/2018 12:55:00 PM,328.8,328.8,328.8,328.8,0
9/11/2018 12:54:00 PM,328.8,328.8,328.8,328.8,0
9/11/2018 12:53:00 PM,320.25,328.8,320.25,328.8,40
9/11/2018 12:52:00 PM,320.25,320.25,320.25,320.25,0
9/11/2018 12:51:00 PM,320.25,320.25,320.25,320.25,0
9/11/2018 12:50:00 PM,322,322,320.25,320.25,40
9/11/2018 12:49:00 PM,322,322,322,322,0
9/11/2018 12:48:00 PM,322.55,322.55,322,322,40
9/11/2018 12:47:00 PM,322.55,322.55,322.55,322.55,0
9/11/2018 12:46:00 PM,322.4,322.55,322.4,322.55,200
9/11/2018 12:45:00 PM,322.4,322.4,322.4,322.4,0
9/11/2018 12:44:00 PM,322.4,322.4,322.4,322.4,0
9/11/2018 12:43:00 PM,322.4,322.4,322.4,322.4,0
9/11/2018 12:42:00 PM,325.3,325.3,321.8,322.4,80
9/11/2018 12:41:00 PM,325.3,325.3,325.3,325.3,0
9/11/2018 12:40:00 PM,317.9,325.3,317.9,325.3,520
9/11/2018 12:39:00 PM,317.9,317.9,317.9,317.9,0
9/11/2018 12:38:00 PM,317.9,317.9,317.9,317.9,0
9/11/2018 12:37:00 PM,317.9,317.9,317.9,317.9,0
9/11/2018 12:36:00 PM,317.65,319,317.65,317.9,160
9/11/2018 12:35:00 PM,315.5,317.65,315.5,317.65,200
9/11/2018 12:34:00 PM,321.8,321.8,315.5,315.5,280
9/11/2018 12:33:00 PM,330,330,320,321.8,200
9/11/2018 12:32:00 PM,329.55,330,329.55,330,40
9/11/2018 12:31:00 PM,329.55,329.55,329.55,329.55,0
9/11/2018 12:30:00 PM,328.65,329.55,328.65,329.55,40
9/11/2018 12:29:00 PM,328.65,328.65,328.65,328.65,0
9/11/2018 12:28:00 PM,328.65,328.65,328.65,328.65,0
9/11/2018 12:27:00 PM,328.65,328.65,328.65,328.65,0
9/11/2018 12:26:00 PM,328.65,328.65,328.65,328.65,0
9/11/2018 12:25:00 PM,329.95,329.95,328.65,328.65,120
9/11/2018 12:24:00 PM,330,330,329.95,329.95,40
9/11/2018 12:23:00 PM,330,330,330,330,40
9/11/2018 12:22:00 PM,331.35,331.35,330,330,40
9/11/2018 12:21:00 PM,335.5,335.5,331.35,331.35,80
9/11/2018 12:20:00 PM,335.5,335.5,335.5,335.5,0
9/11/2018 12:19:00 PM,335.5,335.5,335.5,335.5,0
9/11/2018 12:18:00 PM,335.5,335.5,335.5,335.5,0
9/11/2018 12:17:00 PM,342.75,342.75,335.5,335.5,80
9/11/2018 12:16:00 PM,345,345,339.95,342.75,120
9/11/2018 12:15:00 PM,337.1,345,337.1,345,120
9/11/2018 12:14:00 PM,337.1,337.1,337.1,337.1,0
9/11/2018 12:13:00 PM,337.1,337.1,337.1,337.1,0
9/11/2018 12:12:00 PM,340,340,337.1,337.1,240
9/11/2018 12:11:00 PM,340,340,340,340,0
9/11/2018 12:10:00 PM,334.3,340,334.3,340,40
9/11/2018 12:09:00 PM,334.3,334.3,334.3,334.3,0
9/11/2018 12:08:00 PM,334.3,334.3,334.3,334.3,0
9/11/2018 12:07:00 PM,333.55,334.3,332.55,334.3,80
9/11/2018 12:06:00 PM,333.55,333.55,333.55,333.55,0
9/11/2018 12:05:00 PM,330,333.55,330,333.55,40
9/11/2018 12:04:00 PM,330,330,330,330,0
9/11/2018 12:03:00 PM,330,330,330,330,0
9/11/2018 12:02:00 PM,330.2,330.2,330,330,40
9/11/2018 12:01:00 PM,335.5,335.5,330.2,330.2,120
9/11/2018 12:00:00 PM,335.5,335.5,335.5,335.5,0
9/11/2018 11:59:00 AM,345,345,335.5,335.5,40
9/11/2018 11:58:00 AM,345,345,345,345,0
9/11/2018 11:57:00 AM,345,345,345,345,0
9/11/2018 11:56:00 AM,345,345,345,345,0
9/11/2018 11:55:00 AM,345,345,345,345,0
9/11/2018 11:54:00 AM,345,345,345,345,0
9/11/2018 11:53:00 AM,345,345,345,345,40
9/11/2018 11:52:00 AM,347,347,347,347,0
9/11/2018 11:51:00 AM,347.2,347.2,347,347,120
9/11/2018 11:50:00 AM,340.15,347.55,340.15,347.2,160
9/11/2018 11:49:00 AM,339,340.15,339,340.15,40
9/11/2018 11:48:00 AM,335,339,333.9,339,600
9/11/2018 11:47:00 AM,342,342.35,335,335,400
9/11/2018 11:46:00 AM,342,342,342,342,0
9/11/2018 11:45:00 AM,341.15,342,341.15,342,40
9/11/2018 11:44:00 AM,341.15,341.15,341.15,341.15,0
9/11/2018 11:43:00 AM,349.55,349.55,341.15,341.15,240
9/11/2018 11:42:00 AM,353.8,353.8,348.05,349.55,520
9/11/2018 11:41:00 AM,336.8,353.8,336.8,353.8,240
9/11/2018 11:40:00 AM,336.8,336.8,336.8,336.8,0
9/11/2018 11:39:00 AM,336.8,336.8,336.8,336.8,0
9/11/2018 11:38:00 AM,333.4,336.8,333.4,336.8,120
9/11/2018 11:37:00 AM,333.4,333.4,333.4,333.4,0
9/11/2018 11:36:00 AM,340.2,340.2,333.4,333.4,200
9/11/2018 11:35:00 AM,340.2,340.2,340.2,340.2,0
9/11/2018 11:34:00 AM,335.2,340.2,335.2,340.2,360
9/11/2018 11:33:00 AM,335,339.55,335,335.2,320
9/11/2018 11:32:00 AM,329.95,335,329.95,335,240
9/11/2018 11:31:00 AM,327.85,329.95,327.85,329.95,40
9/11/2018 11:30:00 AM,328.75,329.95,327.85,327.85,400
9/11/2018 11:29:00 AM,328.75,328.75,328.75,328.75,0
9/11/2018 11:28:00 AM,329,329,328.75,328.75,440
9/11/2018 11:27:00 AM,330.05,330.05,329,329,160
9/11/2018 11:26:00 AM,330,330.05,330,330.05,40
9/11/2018 11:25:00 AM,322.9,330,322.9,330,200
9/11/2018 11:24:00 AM,323.05,323.05,322.05,322.05,40
9/11/2018 11:23:00 AM,323.05,323.05,323.05,323.05,0
9/11/2018 11:22:00 AM,323.05,323.05,323.05,323.05,0
9/11/2018 11:21:00 AM,323.05,323.05,323.05,323.05,0
9/11/2018 11:20:00 AM,317.25,323.05,317.25,323.05,80
9/11/2018 11:19:00 AM,320.05,320.05,317.05,317.25,200
9/11/2018 11:18:00 AM,317.9,322.7,317.9,320.05,920
9/11/2018 11:17:00 AM,317.9,317.9,317.9,317.9,0
9/11/2018 11:16:00 AM,317.9,317.9,317.9,317.9,0
9/11/2018 11:15:00 AM,317.9,317.9,317.9,317.9,0
9/11/2018 11:14:00 AM,317.9,317.9,317.9,317.9,0
9/11/2018 11:13:00 AM,317.9,317.9,317.9,317.9,0
9/11/2018 11:12:00 AM,317.9,317.9,317.9,317.9,0
9/11/2018 11:11:00 AM,319.05,319.05,317,317.9,120
9/11/2018 11:10:00 AM,318.85,319.05,317,319.05,120
9/11/2018 11:09:00 AM,318.85,318.85,318.85,318.85,40
9/11/2018 11:08:00 AM,317,317,317,317,0
9/11/2018 11:07:00 AM,317,317,317,317,0
9/11/2018 11:06:00 AM,317,317,317,317,0
9/11/2018 11:05:00 AM,317,317,317,317,800
9/11/2018 11:04:00 AM,320,320,313.75,313.75,120
9/11/2018 11:03:00 AM,322.75,322.75,320,320,80
9/11/2018 11:02:00 AM,326.05,326.05,321.45,322.75,1080
9/11/2018 11:01:00 AM,326.05,326.05,326.05,326.05,160
9/11/2018 11:00:00 AM,325.55,326.05,325.55,326.05,40
9/11/2018 10:59:00 AM,328,328,325.55,325.55,400
9/11/2018 10:58:00 AM,328,328,328,328,0
9/11/2018 10:57:00 AM,322,329.15,322,328,80
9/11/2018 10:56:00 AM,322,322,322,322,0
9/11/2018 10:55:00 AM,325.5,325.5,322,322,280
9/11/2018 10:54:00 AM,325.5,325.5,325.5,325.5,0
9/11/2018 10:53:00 AM,325,325.55,325,325.5,120
9/11/2018 10:52:00 AM,329.95,329.95,325,325,280
9/11/2018 10:51:00 AM,334,334,329.95,329.95,40
9/11/2018 10:50:00 AM,333.1,334,333.1,334,200
9/11/2018 10:49:00 AM,333.1,333.1,333.1,333.1,0
9/11/2018 10:48:00 AM,340.1,340.1,333.05,333.1,120
9/11/2018 10:47:00 AM,343.35,343.35,340.1,340.1,240
9/11/2018 10:46:00 AM,343.35,343.35,343.35,343.35,0
9/11/2018 10:45:00 AM,340.95,343.35,340.95,343.35,160
9/11/2018 10:44:00 AM,338.75,340.95,338.75,340.95,360
9/11/2018 10:43:00 AM,338.75,338.75,338.75,338.75,0
9/11/2018 10:42:00 AM,338.75,338.75,338.75,338.75,0
9/11/2018 10:41:00 AM,338,338.75,336.1,338.75,1360
9/11/2018 10:40:00 AM,342,342,338,338,1240
9/11/2018 10:39:00 AM,342,342,342,342,1080
9/11/2018 10:38:00 AM,342,342,342,342,160
9/11/2018 10:37:00 AM,335,342,335,339.8,80
9/11/2018 10:36:00 AM,335,335,335,335,0
9/11/2018 10:35:00 AM,335,335,335,335,0
9/11/2018 10:34:00 AM,335,335,335,335,0
9/11/2018 10:33:00 AM,335,335,335,335,0
9/11/2018 10:32:00 AM,336,336,335,335,40
9/11/2018 10:31:00 AM,335.6,336,335.6,336,160
9/11/2018 10:30:00 AM,338.35,338.35,333.55,335.6,120
9/11/2018 10:29:00 AM,342.7,342.7,338.35,338.35,480
9/11/2018 10:28:00 AM,338.4,342.7,338.4,342.7,80
9/11/2018 10:27:00 AM,340,340,338.4,338.4,520
9/11/2018 10:26:00 AM,331.6,340,331.6,340,80
9/11/2018 10:25:00 AM,331.1,331.6,331.1,331.6,40
9/11/2018 10:24:00 AM,331.1,331.1,331.1,331.1,0
9/11/2018 10:23:00 AM,327.4,334.6,327.4,331.1,80
9/11/2018 10:22:00 AM,327.4,327.4,327.4,327.4,0
9/11/2018 10:21:00 AM,327.4,327.4,327.4,327.4,0
9/11/2018 10:20:00 AM,327.4,327.4,327.4,327.4,0
9/11/2018 10:19:00 AM,327.4,327.4,327.4,327.4,0
9/11/2018 10:18:00 AM,327.4,327.4,327.4,327.4,0
9/11/2018 10:17:00 AM,327.5,327.5,327.4,327.4,80
9/11/2018 10:16:00 AM,325,327.5,325,327.5,40
9/11/2018 10:15:00 AM,327.4,327.55,325,325,280
9/11/2018 10:14:00 AM,327.4,327.4,327.4,327.4,0
9/11/2018 10:13:00 AM,327.4,327.4,327.4,327.4,0
9/11/2018 10:12:00 AM,327.4,327.4,327.4,327.4,40
9/11/2018 10:11:00 AM,331.75,331.75,325.35,327.4,200
9/11/2018 10:10:00 AM,331.75,331.75,331.75,331.75,0
9/11/2018 10:09:00 AM,331.9,335,331.75,331.75,280
9/11/2018 10:08:00 AM,330.4,331.9,330,331.9,200
9/11/2018 10:07:00 AM,329.75,330.4,326.7,330.4,160
9/11/2018 10:06:00 AM,329.15,332.9,329.15,329.75,480
9/11/2018 10:05:00 AM,327.15,329.15,325.55,329.15,200
9/11/2018 10:04:00 AM,326.3,327,324.25,327,400
9/11/2018 10:03:00 AM,327.05,329.65,325.65,326.3,160
9/11/2018 10:02:00 AM,325.55,327.05,324.5,327.05,80
9/11/2018 10:01:00 AM,321.95,327.35,321.95,325.55,320
9/11/2018 10:00:00 AM,324.9,324.9,321.95,321.95,40
9/11/2018 9:59:00 AM,330.85,332.8,324.9,324.9,640
9/11/2018 9:58:00 AM,333.7,334,330.85,330.85,320
9/11/2018 9:57:00 AM,334.6,334.6,333.2,333.7,80
9/11/2018 9:56:00 AM,334.6,334.6,334.6,334.6,40
9/11/2018 9:55:00 AM,335.2,335.2,334.6,334.6,80
9/11/2018 9:54:00 AM,333.2,336.15,332.75,335.2,120
9/11/2018 9:53:00 AM,333.2,333.2,333.2,333.2,0
9/11/2018 9:52:00 AM,335.1,335.1,333.2,333.2,40
9/11/2018 9:51:00 AM,335.1,335.1,335.1,335.1,0
9/11/2018 9:50:00 AM,339.55,340.65,335.1,335.1,160
9/11/2018 9:49:00 AM,334,344.85,334,339.55,400
9/11/2018 9:48:00 AM,339.1,339.1,334,334,440
9/11/2018 9:47:00 AM,340.5,340.5,338.75,339.1,160
9/11/2018 9:46:00 AM,333.3,342,333.3,342,240
9/11/2018 9:45:00 AM,324.1,333.3,324.1,333.3,400
9/11/2018 9:44:00 AM,327.2,328.7,324.1,324.1,320
9/11/2018 9:43:00 AM,316.15,331.3,316.15,327.2,160
9/11/2018 9:42:00 AM,317.45,317.45,316.15,316.15,120
9/11/2018 9:41:00 AM,311.75,315.75,310.5,315.75,1800
9/11/2018 9:40:00 AM,321.95,323.85,311.75,311.75,560
9/11/2018 9:39:00 AM,327.4,327.4,321,321.95,280
9/11/2018 9:38:00 AM,325,330.2,325,327.4,760
9/11/2018 9:37:00 AM,346.3,347.1,321.1,325.3,2840
9/11/2018 9:36:00 AM,356.1,356.1,346.3,346.3,80
9/11/2018 9:35:00 AM,356.1,356.1,356.1,356.1,0
9/11/2018 9:34:00 AM,356,356.1,353,356.1,240
9/11/2018 9:33:00 AM,353.55,356,353.55,356,160
9/11/2018 9:32:00 AM,357.35,357.35,353.55,353.55,120
9/11/2018 9:31:00 AM,357.5,362.95,355,357.35,160
9/11/2018 9:30:00 AM,367,367,354.8,357.5,160
9/11/2018 9:29:00 AM,369.75,369.75,365.9,367,200
9/11/2018 9:28:00 AM,378.85,378.85,369.75,369.75,40
9/11/2018 9:27:00 AM,378.85,378.85,378.85,378.85,0
9/11/2018 9:26:00 AM,381.7,381.7,378.85,378.85,160
9/11/2018 9:25:00 AM,384.45,391.6,381.7,381.7,320
9/11/2018 9:24:00 AM,384.3,384.45,384.3,384.45,40
9/11/2018 9:23:00 AM,388,388,382.4,384.3,280
9/11/2018 9:22:00 AM,390.3,390.65,388,388,320
9/11/2018 9:21:00 AM,386.9,391.3,384.9,390.3,1080
9/11/2018 9:20:00 AM,375.6,389.1,374.9,386.9,1720
9/11/2018 9:19:00 AM,360,380.4,360,375.6,280
9/11/2018 9:18:00 AM,359.75,360.75,352.4,360,360
9/11/2018 9:17:00 AM,342,359.75,342,359.75,200
9/11/2018 9:16:00 AM,364.95,364.95,342,342,440
9/10/2018 3:29:00 PM,374.7,374.85,370.3,370.3,280
9/10/2018 3:28:00 PM,381,381,374.7,374.7,80
9/10/2018 3:27:00 PM,386.1,386.1,381,381,200
9/10/2018 3:26:00 PM,386.1,386.1,386.1,386.1,0
9/10/2018 3:25:00 PM,382,386.85,382,386.1,240
9/10/2018 3:24:00 PM,376.7,382,376.7,382,280
9/10/2018 3:23:00 PM,372.75,376.7,372.75,376.7,360
9/10/2018 3:22:00 PM,372.2,372.8,372.2,372.75,160
9/10/2018 3:21:00 PM,370.05,372.35,370.05,372.2,200
9/10/2018 3:20:00 PM,367,370.15,367,370.05,200
9/10/2018 3:19:00 PM,367,367,367,367,40
9/10/2018 3:18:00 PM,370.1,370.1,367,367,40
9/10/2018 3:17:00 PM,372.35,372.35,370.1,370.1,40
9/10/2018 3:16:00 PM,365.45,372.35,365.45,372.35,360
9/10/2018 3:15:00 PM,363.6,365.45,363.6,365.45,120
9/10/2018 3:14:00 PM,361.5,363.6,361.5,363.6,40
9/10/2018 3:13:00 PM,363.25,367.85,361.5,361.5,120
9/10/2018 3:12:00 PM,363.25,363.25,363.25,363.25,0
9/10/2018 3:11:00 PM,364.3,364.3,363.25,363.25,40
9/10/2018 3:10:00 PM,364,367.45,364,364.3,520
9/10/2018 3:09:00 PM,364,364,364,364,560
9/10/2018 3:08:00 PM,362.7,364,362.7,364,160
9/10/2018 3:07:00 PM,358,362.7,356.7,362.7,360
9/10/2018 3:06:00 PM,358.3,358.3,358,358,440
9/10/2018 3:05:00 PM,356.7,358.6,356.7,358.3,80
9/10/2018 3:04:00 PM,356.7,356.7,356.7,356.7,0
9/10/2018 3:03:00 PM,355.15,358.95,355.15,356.7,80
9/10/2018 3:02:00 PM,361.8,361.8,355.15,355.15,80
9/10/2018 3:01:00 PM,356.95,361.8,356.95,361.8,40
9/10/2018 3:00:00 PM,352.9,356.95,350.6,356.95,320
9/10/2018 2:59:00 PM,358.5,358.5,352.9,352.9,40
9/10/2018 2:58:00 PM,358.5,358.5,358.5,358.5,0
9/10/2018 2:57:00 PM,364.25,364.25,358.5,358.5,280
9/10/2018 2:56:00 PM,368.75,368.75,364.25,364.25,80
9/10/2018 2:55:00 PM,370.4,370.4,362.65,368.75,80
9/10/2018 2:54:00 PM,370.4,370.4,370.4,370.4,0
9/10/2018 2:53:00 PM,371.15,376.25,370.4,370.4,160
9/10/2018 2:52:00 PM,366.45,371.15,364,371.15,160
9/10/2018 2:51:00 PM,353.75,366.45,353.75,366.45,360
9/10/2018 2:50:00 PM,353.75,353.75,353.75,353.75,0
9/10/2018 2:49:00 PM,354.5,354.5,353.75,353.75,80
9/10/2018 2:48:00 PM,351.5,355.15,351.5,354.5,160
9/10/2018 2:47:00 PM,351.5,351.5,351.5,351.5,0
9/10/2018 2:46:00 PM,356.5,356.5,349.95,351.5,280
9/10/2018 2:45:00 PM,359.4,359.4,356.5,356.5,80
9/10/2018 2:44:00 PM,359.4,359.4,359.4,359.4,0
9/10/2018 2:43:00 PM,359.4,359.4,359.4,359.4,0
9/10/2018 2:42:00 PM,359.4,359.4,359.4,359.4,0
9/10/2018 2:41:00 PM,359.9,359.9,359.4,359.4,80
9/10/2018 2:40:00 PM,359.9,359.9,359.9,359.9,0
9/10/2018 2:39:00 PM,362.25,362.25,359.9,359.9,80
9/10/2018 2:38:00 PM,362.25,362.25,362.25,362.25,0
9/10/2018 2:37:00 PM,362.25,362.25,362.25,362.25,0
9/10/2018 2:36:00 PM,354.4,362.25,354.4,362.25,40
9/10/2018 2:35:00 PM,352.75,354.4,351.45,354.4,600
9/10/2018 2:34:00 PM,361.75,361.75,350,352.75,320
9/10/2018 2:33:00 PM,376.3,376.3,361.75,361.75,200
9/10/2018 2:32:00 PM,386,386,376.3,376.3,40
9/10/2018 2:31:00 PM,386,386,386,386,0
9/10/2018 2:30:00 PM,386,386,386,386,0
9/10/2018 2:29:00 PM,383.45,386,379.85,386,160
9/10/2018 2:28:00 PM,379.2,383.45,379.2,383.45,120
9/10/2018 2:27:00 PM,372,379.2,372,379.2,40
9/10/2018 2:26:00 PM,372.65,372.65,369.75,372,120
9/10/2018 2:25:00 PM,375,380.25,372.65,372.65,320
9/10/2018 2:24:00 PM,363.15,375,363.15,375,200
9/10/2018 2:23:00 PM,360.1,362.3,360.1,362.3,80
9/10/2018 2:22:00 PM,360.85,360.85,358.25,360.1,80
9/10/2018 2:21:00 PM,357.25,360.85,357.25,360.85,80
9/10/2018 2:20:00 PM,364.25,364.25,357.25,357.25,120
9/10/2018 2:19:00 PM,362.1,364.25,361.2,364.25,240
9/10/2018 2:18:00 PM,365.9,365.9,359.45,362.1,240
9/10/2018 2:17:00 PM,364.65,366.2,364.65,365.9,240
9/10/2018 2:16:00 PM,359.95,366.1,359.95,364.65,160
9/10/2018 2:15:00 PM,361.9,361.9,359.9,359.95,120
9/10/2018 2:14:00 PM,359.65,361.9,359.65,361.9,40
9/10/2018 2:13:00 PM,358.85,359.65,358.5,359.65,80
9/10/2018 2:12:00 PM,359.9,359.9,358.85,358.85,80
9/10/2018 2:11:00 PM,356.5,360.75,356.5,359.9,160
9/10/2018 2:10:00 PM,365.9,365.9,356.5,356.5,80
9/10/2018 2:09:00 PM,364.35,365.9,362,365.9,80
9/10/2018 2:08:00 PM,358,364.35,358,364.35,80
9/10/2018 2:07:00 PM,358.9,358.9,357.2,358,160
9/10/2018 2:06:00 PM,357.75,358.9,352.55,358.9,120
9/10/2018 2:05:00 PM,359.95,359.95,357.75,357.75,40
9/10/2018 2:04:00 PM,353.2,359.95,353.2,359.95,120
9/10/2018 2:03:00 PM,350.45,354.4,350.45,353.2,80
9/10/2018 2:02:00 PM,351.45,351.45,350.45,350.45,120
9/10/2018 2:01:00 PM,348.15,351.45,346.9,351.45,120
9/10/2018 2:00:00 PM,350.3,350.3,348.15,348.15,40
9/10/2018 1:59:00 PM,355.45,357.3,350.3,350.3,80
9/10/2018 1:58:00 PM,345.5,355.45,345.5,355.45,160
9/10/2018 1:57:00 PM,337.85,345.5,337.85,345.5,320
9/10/2018 1:56:00 PM,346.7,346.7,337.85,337.85,1440
9/10/2018 1:55:00 PM,348.9,348.9,346.7,346.7,80
9/10/2018 1:54:00 PM,346.8,348.9,343,348.9,760
9/10/2018 1:53:00 PM,347.7,347.7,343.75,346.8,600
9/10/2018 1:52:00 PM,371.4,371.4,347.7,347.7,1120
9/10/2018 1:51:00 PM,374.1,374.1,370.5,371.4,80
9/10/2018 1:50:00 PM,376.15,376.15,373.45,374.1,80
9/10/2018 1:49:00 PM,376.15,376.15,376.15,376.15,0
9/10/2018 1:48:00 PM,378.5,378.5,373.6,376.15,80
9/10/2018 1:47:00 PM,373.3,378.5,372.45,378.5,160
9/10/2018 1:46:00 PM,377.15,377.15,373.3,373.3,80
9/10/2018 1:45:00 PM,378.05,378.05,377.15,377.15,80
9/10/2018 1:44:00 PM,376.5,379.45,376.5,378.05,320
9/10/2018 1:43:00 PM,379.85,379.85,376.5,376.5,40
9/10/2018 1:42:00 PM,382.85,382.85,379.85,379.85,560
9/10/2018 1:41:00 PM,378.65,382.85,378.65,382.85,80
9/10/2018 1:40:00 PM,373.65,378.65,373.65,378.65,80
9/10/2018 1:39:00 PM,376,376,372.95,373.65,80
9/10/2018 1:38:00 PM,375.15,376.75,372.55,376,200
9/10/2018 1:37:00 PM,369.6,375.15,369.6,375.15,80
9/10/2018 1:36:00 PM,372.15,372.15,369.6,369.6,40
9/10/2018 1:35:00 PM,369.45,372.15,369.35,372.15,80
9/10/2018 1:34:00 PM,374.4,374.4,369.45,369.45,80
9/10/2018 1:33:00 PM,377.75,377.75,371.25,374.4,120
9/10/2018 1:32:00 PM,377.75,377.75,377.75,377.75,0
9/10/2018 1:31:00 PM,377.35,377.75,376.1,377.75,480
9/10/2018 1:30:00 PM,377.9,379,376.45,377.35,480
9/10/2018 1:29:00 PM,385.1,385.1,377.9,377.9,160
9/10/2018 1:28:00 PM,383.3,385.1,383.3,385.1,40
9/10/2018 1:27:00 PM,384.7,384.7,380.4,383.3,120
9/10/2018 1:26:00 PM,389,389,382.7,384.7,160
9/10/2018 1:25:00 PM,389,389,389,389,0
9/10/2018 1:24:00 PM,387.9,389,383.8,389,80
9/10/2018 1:23:00 PM,383.65,389,383.65,387.9,200
9/10/2018 1:22:00 PM,380.3,386.25,380.3,383.65,120
9/10/2018 1:21:00 PM,384.15,384.15,380.3,380.3,40
9/10/2018 1:20:00 PM,379.45,384.15,379.45,384.15,160
9/10/2018 1:19:00 PM,379.1,379.45,379.1,379.45,40
9/10/2018 1:18:00 PM,381.25,381.25,379.1,379.1,80
9/10/2018 1:17:00 PM,375,381.25,375,381.25,120
9/10/2018 1:16:00 PM,374.05,375,374.05,375,560
9/10/2018 1:15:00 PM,371.95,374.05,371.65,374.05,120
9/10/2018 1:14:00 PM,375,375,370.1,370.1,40
9/10/2018 1:13:00 PM,372.85,375,372.85,375,160
9/10/2018 1:12:00 PM,370.65,372.85,370.65,372.85,160
9/10/2018 1:11:00 PM,372.45,372.45,372.45,372.45,0
9/10/2018 1:10:00 PM,370,372.45,367.05,372.45,160
9/10/2018 1:09:00 PM,373.1,373.75,370,370,120
9/10/2018 1:08:00 PM,377.8,377.8,376.6,376.6,280
9/10/2018 1:07:00 PM,388.95,388.95,377.8,377.8,360
9/10/2018 1:06:00 PM,388.75,388.95,388.75,388.95,120
9/10/2018 1:05:00 PM,389.25,389.25,389,389,40
9/10/2018 1:04:00 PM,391,391,389.25,389.25,80
9/10/2018 1:03:00 PM,388.2,391,388.2,391,120
9/10/2018 1:02:00 PM,388.15,389.5,388.15,389.5,40
9/10/2018 1:01:00 PM,390.35,390.35,388.15,388.15,120
9/10/2018 1:00:00 PM,387.9,390.35,385.3,390.35,80
9/10/2018 12:59:00 PM,388,388,385.8,387.9,120
9/10/2018 12:58:00 PM,393.6,393.6,388,388,120
9/10/2018 12:57:00 PM,396.3,396.3,393.6,393.6,80
9/10/2018 12:56:00 PM,396.15,397.05,396.15,397.05,40
9/10/2018 12:55:00 PM,394.6,396.15,394.6,396.15,80
9/10/2018 12:54:00 PM,399.05,399.05,394.6,394.6,120
9/10/2018 12:53:00 PM,399.9,399.9,399.9,399.9,0
9/10/2018 12:52:00 PM,396.25,399.9,396.25,399.9,120
9/10/2018 12:51:00 PM,394.7,396.25,394.7,396.25,80
9/10/2018 12:50:00 PM,392.95,394.7,392.95,394.7,80
9/10/2018 12:49:00 PM,393.6,395.2,392.95,392.95,80
9/10/2018 12:48:00 PM,389.7,393.6,389.7,393.6,160
9/10/2018 12:47:00 PM,389.2,392.6,389.2,392.6,120
9/10/2018 12:46:00 PM,392.65,392.65,389.2,389.2,120
9/10/2018 12:45:00 PM,393.45,395.85,392.65,392.65,320
9/10/2018 12:44:00 PM,399.8,399.8,394.6,395.8,120
9/10/2018 12:43:00 PM,399.8,399.8,399.8,399.8,40
9/10/2018 12:42:00 PM,394.4,399.8,394.4,399.8,160
9/10/2018 12:41:00 PM,395.15,395.15,391.05,394.4,240
9/10/2018 12:40:00 PM,396,396,393.5,395.15,120
9/10/2018 12:39:00 PM,407.4,407.4,396,396,120
9/10/2018 12:38:00 PM,404.8,407.4,404.8,407.4,200
9/10/2018 12:37:00 PM,403.6,404.8,402.65,404.8,80
9/10/2018 12:36:00 PM,413.9,413.9,403.6,403.6,80
9/10/2018 12:35:00 PM,411.05,413.9,411.05,413.9,40
9/10/2018 12:34:00 PM,409.1,411.05,409.1,411.05,80
9/10/2018 12:33:00 PM,408.9,409.1,408.9,409.1,40
9/10/2018 12:32:00 PM,406.15,408.9,406.15,408.9,40
9/10/2018 12:31:00 PM,406.15,406.15,406.15,406.15,0
9/10/2018 12:30:00 PM,403.45,406.15,403.45,406.15,40
9/10/2018 12:29:00 PM,403.45,403.45,403.45,403.45,0
9/10/2018 12:28:00 PM,400.7,406.6,400.7,403.45,1320
9/10/2018 12:27:00 PM,400.7,400.7,400.7,400.7,0
9/10/2018 12:26:00 PM,400.7,400.7,400.7,400.7,0
9/10/2018 12:25:00 PM,406.6,406.6,400.7,400.7,40
9/10/2018 12:24:00 PM,397.15,406.6,397.15,406.6,120
9/10/2018 12:23:00 PM,408.5,408.5,397.15,397.15,240
9/10/2018 12:22:00 PM,410.55,410.55,408.5,408.5,80
9/10/2018 12:21:00 PM,413.15,413.15,410.55,410.55,40
9/10/2018 12:20:00 PM,408,413.15,408,413.15,320
9/10/2018 12:19:00 PM,410,412.35,408,408,80
9/10/2018 12:18:00 PM,411.05,416,408.4,410,200
9/10/2018 12:17:00 PM,400.4,411.05,400.4,411.05,320
9/10/2018 12:16:00 PM,400.4,400.4,400.4,400.4,0
9/10/2018 12:15:00 PM,400.4,400.4,400.4,400.4,0
9/10/2018 12:14:00 PM,396.15,400.4,396.15,400.4,40
9/10/2018 12:13:00 PM,393.85,396.15,393.85,396.15,320
9/10/2018 12:12:00 PM,396.35,397.05,393.85,393.85,120
9/10/2018 12:11:00 PM,396.35,396.35,396.35,396.35,0
9/10/2018 12:10:00 PM,403.45,403.45,396.35,396.35,40
9/10/2018 12:09:00 PM,401.9,403.45,399,403.45,120
9/10/2018 12:08:00 PM,400,406.75,400,401.9,720
9/10/2018 12:07:00 PM,391.35,399,391.35,399,120
9/10/2018 12:06:00 PM,393.5,393.5,391.35,391.35,40
9/10/2018 12:05:00 PM,392,393.5,391.1,393.5,80
9/10/2018 12:04:00 PM,382,392,382,392,120
9/10/2018 12:03:00 PM,385.55,385.55,382,382,80
9/10/2018 12:02:00 PM,381.8,385.55,381.8,385.55,400
9/10/2018 12:01:00 PM,381.8,381.8,381.8,381.8,0
9/10/2018 12:00:00 PM,380,383,380,381.8,240
9/10/2018 11:59:00 AM,380,380,380,380,0
9/10/2018 11:58:00 AM,385.65,385.65,380,380,80
9/10/2018 11:57:00 AM,385.65,385.65,385.65,385.65,0
9/10/2018 11:56:00 AM,384.6,390,384.6,385.65,240
9/10/2018 11:55:00 AM,377.45,384.6,377.45,384.6,80
9/10/2018 11:54:00 AM,375.1,377.45,375.1,377.45,40
9/10/2018 11:53:00 AM,368,377,368,375.1,80
9/10/2018 11:52:00 AM,368,368,368,368,0
9/10/2018 11:51:00 AM,368,368,368,368,0
9/10/2018 11:50:00 AM,368,368,368,368,0
9/10/2018 11:49:00 AM,367,368,367,368,80
9/10/2018 11:48:00 AM,360.6,367,360.6,367,40
9/10/2018 11:47:00 AM,362.05,362.05,360.6,360.6,80
9/10/2018 11:46:00 AM,361.3,362.05,361.3,362.05,40
9/10/2018 11:45:00 AM,366.35,366.35,360,361.3,200
9/10/2018 11:44:00 AM,366.35,366.35,366.35,366.35,0
9/10/2018 11:43:00 AM,366.35,366.35,366.35,366.35,0
9/10/2018 11:42:00 AM,369,369,366.35,366.35,40
9/10/2018 11:41:00 AM,369,369,369,369,0
9/10/2018 11:40:00 AM,369.75,369.75,369,369,40
9/10/2018 11:39:00 AM,367.6,369.75,367.6,369.75,40
9/10/2018 11:38:00 AM,364.65,367.6,364.65,367.6,40
9/10/2018 11:37:00 AM,365.95,365.95,361.85,364.65,480
9/10/2018 11:36:00 AM,367.95,367.95,365.8,365.95,80
9/10/2018 11:35:00 AM,365.4,367.95,365.4,367.95,120
9/10/2018 11:34:00 AM,365.4,365.4,365.4,365.4,0
9/10/2018 11:33:00 AM,365.4,365.4,365.4,365.4,0
9/10/2018 11:32:00 AM,375.25,375.25,365.4,365.4,280
9/10/2018 11:31:00 AM,377.45,377.45,375.25,375.25,120
9/10/2018 11:30:00 AM,373.2,377.45,373.2,377.45,80
9/10/2018 11:29:00 AM,375.65,375.65,373.2,373.2,40
9/10/2018 11:28:00 AM,375.65,375.65,375.65,375.65,0
9/10/2018 11:27:00 AM,372,375.65,372,375.65,40
9/10/2018 11:26:00 AM,372,372,372,372,0
9/10/2018 11:25:00 AM,372,372,372,372,0
9/10/2018 11:24:00 AM,372,372,372,372,0
9/10/2018 11:23:00 AM,372,372,372,372,0
9/10/2018 11:22:00 AM,372,372,372,372,0
9/10/2018 11:21:00 AM,373.6,374,372,372,80
9/10/2018 11:20:00 AM,373.6,373.6,373.6,373.6,0
9/10/2018 11:19:00 AM,375.75,375.75,373.6,373.6,40
9/10/2018 11:18:00 AM,375.75,375.75,375.75,375.75,40
9/10/2018 11:17:00 AM,372.25,375.75,372.25,375.75,80
9/10/2018 11:16:00 AM,372.25,372.25,372.25,372.25,0
9/10/2018 11:15:00 AM,372.25,372.25,372.25,372.25,0
9/10/2018 11:14:00 AM,377,377,371.7,372.25,160
9/10/2018 11:13:00 AM,377,377,377,377,0
9/10/2018 11:12:00 AM,377,377,377,377,0
9/10/2018 11:11:00 AM,380,380,377,377,40
9/10/2018 11:10:00 AM,374.75,380,374.75,380,120
9/10/2018 11:09:00 AM,367,379.95,367,374.75,360
9/10/2018 11:08:00 AM,366.65,368.55,366.65,367,200
9/10/2018 11:07:00 AM,361,366.65,361,366.65,80
9/10/2018 11:06:00 AM,361,361,361,361,0
9/10/2018 11:05:00 AM,360.65,361,360.65,361,400
9/10/2018 11:04:00 AM,360,360.65,360,360.65,40
9/10/2018 11:03:00 AM,360,360,360,360,40
9/10/2018 11:02:00 AM,360,360,360,360,0
9/10/2018 11:01:00 AM,361,361,360,360,160
9/10/2018 11:00:00 AM,359.3,361,359.3,361,40
9/10/2018 10:59:00 AM,359.3,359.3,359.3,359.3,0
9/10/2018 10:58:00 AM,362.7,362.7,359.3,359.3,40
9/10/2018 10:57:00 AM,362.7,362.7,362.7,362.7,0
9/10/2018 10:56:00 AM,362.7,362.7,362.7,362.7,0
9/10/2018 10:55:00 AM,363.2,363.2,362.7,362.7,80
9/10/2018 10:54:00 AM,360,363.2,360,363.2,40
9/10/2018 10:53:00 AM,360,360,360,360,0
9/10/2018 10:52:00 AM,361.05,361.05,360,360,40
9/10/2018 10:51:00 AM,361.05,361.05,361.05,361.05,0
9/10/2018 10:50:00 AM,361.05,361.05,361.05,361.05,0
9/10/2018 10:49:00 AM,358,365.1,358,361.05,320
9/10/2018 10:48:00 AM,358,358,358,358,0
9/10/2018 10:47:00 AM,366.6,366.6,358,358,40
9/10/2018 10:46:00 AM,363.5,366.6,363.5,366.6,80
9/10/2018 10:45:00 AM,370,370,363,363.6,240
9/10/2018 10:44:00 AM,370,370,370,370,280
9/10/2018 10:43:00 AM,367,370,364.95,370,1680
9/10/2018 10:42:00 AM,362.3,367,362.3,367,240
9/10/2018 10:41:00 AM,362.3,362.3,362.3,362.3,0
9/10/2018 10:40:00 AM,365.35,365.35,362.3,362.3,1080
9/10/2018 10:39:00 AM,356.15,365.35,356.15,365.35,800
9/10/2018 10:38:00 AM,364.95,364.95,356.15,356.15,960
9/10/2018 10:37:00 AM,363,364.95,363,364.95,40
9/10/2018 10:36:00 AM,362,364.9,358.15,363,1040
9/10/2018 10:35:00 AM,358,362,358,362,1560
9/10/2018 10:34:00 AM,350,358,350,358,1120
9/10/2018 10:33:00 AM,348.4,351.6,348.4,350,1360
9/10/2018 10:32:00 AM,346.2,348.4,346.2,348.4,40
9/10/2018 10:31:00 AM,346.2,346.2,346.2,346.2,0
9/10/2018 10:30:00 AM,345.35,346.2,345.35,346.2,40
9/10/2018 10:29:00 AM,344.25,345.35,344.25,345.35,40
9/10/2018 10:28:00 AM,347.9,347.9,343.55,344.25,360
9/10/2018 10:27:00 AM,347.9,347.9,347.9,347.9,0
9/10/2018 10:26:00 AM,347.9,347.9,347.9,347.9,0
9/10/2018 10:25:00 AM,347.9,347.9,347.9,347.9,0
9/10/2018 10:24:00 AM,347.9,347.9,347.9,347.9,0
9/10/2018 10:23:00 AM,346.35,347.9,346.35,347.9,40
9/10/2018 10:22:00 AM,347.75,347.75,346.35,346.35,40
9/10/2018 10:21:00 AM,347.75,347.75,347.75,347.75,0
9/10/2018 10:20:00 AM,349.8,349.8,347.75,347.75,40
9/10/2018 10:19:00 AM,349.8,349.8,349.8,349.8,0
9/10/2018 10:18:00 AM,349.8,349.8,349.8,349.8,0
9/10/2018 10:17:00 AM,354.5,354.5,349.8,349.8,160
9/10/2018 10:16:00 AM,357.6,357.6,354.5,354.5,80
9/10/2018 10:15:00 AM,351.3,357.6,351.3,357.6,40
9/10/2018 10:14:00 AM,352.6,352.6,351.3,351.3,40
9/10/2018 10:13:00 AM,357.7,357.7,349.8,352.6,160
9/10/2018 10:12:00 AM,354.95,357.7,354.95,357.7,200
9/10/2018 10:11:00 AM,361.45,362.2,354.95,354.95,2320
9/10/2018 10:10:00 AM,358,363.45,358,363.45,120
9/10/2018 10:09:00 AM,352.4,358,352.4,358,40
9/10/2018 10:08:00 AM,353.75,356.5,352.4,352.4,280
9/10/2018 10:07:00 AM,356.5,356.5,353.75,353.75,80
9/10/2018 10:06:00 AM,357.2,358,356.5,356.5,80
9/10/2018 10:05:00 AM,363.6,366.3,357.2,357.2,480
9/10/2018 10:04:00 AM,354.9,363.6,349.35,363.6,2600
9/10/2018 10:03:00 AM,336.55,357.4,336.55,357.4,1320
9/10/2018 10:02:00 AM,336.3,336.55,336.3,336.55,40
9/10/2018 10:01:00 AM,340,341.6,336.3,336.3,160
9/10/2018 10:00:00 AM,339.95,343,338.8,343,400
9/10/2018 9:59:00 AM,334.05,339.95,334.05,339.95,40
9/10/2018 9:58:00 AM,338.6,338.6,334.05,334.05,560
9/10/2018 9:57:00 AM,332,338.6,329.95,338.6,320
9/10/2018 9:56:00 AM,327.05,332,327.05,332,120
9/10/2018 9:55:00 AM,325.05,329.45,325.05,327.05,440
9/10/2018 9:54:00 AM,321.4,327.45,321.4,327.45,320
9/10/2018 9:53:00 AM,324.75,324.75,321.4,321.4,120
9/10/2018 9:52:00 AM,324.45,326.2,323.25,324.75,280
9/10/2018 9:51:00 AM,325.8,328.65,324.45,324.45,200
9/10/2018 9:50:00 AM,327.15,327.15,325.25,325.8,80
9/10/2018 9:49:00 AM,322.25,327.15,320.9,327.15,120
9/10/2018 9:48:00 AM,327,327,321.55,322.25,80
9/10/2018 9:47:00 AM,331.6,331.75,327,327,240
9/10/2018 9:46:00 AM,329.7,332.45,329.7,331.6,160
9/10/2018 9:45:00 AM,325.45,330.9,325.45,329.7,240
9/10/2018 9:44:00 AM,328.8,328.8,324.25,325.45,280
9/10/2018 9:43:00 AM,330,330.65,328,328.8,360
9/10/2018 9:42:00 AM,334.9,334.9,328.95,330,160
9/10/2018 9:41:00 AM,334.35,335.5,334.35,334.9,120
9/10/2018 9:40:00 AM,340.45,340.45,333.25,334.35,160
9/10/2018 9:39:00 AM,335,342.4,335,340.45,400
9/10/2018 9:38:00 AM,330.75,338.35,330.75,335,200
9/10/2018 9:37:00 AM,336.15,336.15,335.55,335.55,40
9/10/2018 9:36:00 AM,339.5,343.25,336.15,336.15,1120
9/10/2018 9:35:00 AM,335,345.95,333.9,339.5,1360
9/10/2018 9:34:00 AM,331.85,337.6,331.85,335,600
9/10/2018 9:33:00 AM,332.1,333.65,329,331.85,360
9/10/2018 9:32:00 AM,324.5,332.1,324.5,332.1,80
9/10/2018 9:31:00 AM,323.75,324.7,323.75,324.5,120
9/10/2018 9:30:00 AM,320.8,323.75,320.2,323.75,120
9/10/2018 9:29:00 AM,312.6,321.5,312.6,320.8,480
9/10/2018 9:28:00 AM,314.75,314.75,312,312.6,1080
9/10/2018 9:27:00 AM,310.95,315.65,310.95,314.75,80
9/10/2018 9:26:00 AM,307.1,312.65,307.1,310.95,200
9/10/2018 9:25:00 AM,316.3,316.3,307.1,307.1,160
9/10/2018 9:24:00 AM,324,325.45,316.1,316.3,680
9/10/2018 9:23:00 AM,325.05,329.65,324,324,320
9/10/2018 9:22:00 AM,330.15,332.85,325,325.05,520
9/10/2018 9:21:00 AM,327.05,330.15,325,330.15,480
9/10/2018 9:20:00 AM,314.1,327.05,314.1,327.05,960
9/10/2018 9:19:00 AM,320,320,312,314.1,240
9/10/2018 9:18:00 AM,325,325,319.95,320,720
9/10/2018 9:17:00 AM,313.7,323.5,309.8,323.5,1480
9/10/2018 9:16:00 AM,324.95,324.95,311.4,313.7,1280
9/10/2018 9:15:00 AM,324,333,324,324.95,280
